$ANSIBLE_VAULT;1.1;AES256
61633533633532626130353532313232343930633261313438613531396132633930396162663530
6166303362356438666263633130633230373335363439660a366336653734646665336461396139
36633036623035343734303532333565666631356664376134653136353531363633316162633638
3964356666373434660a393962383931323166613938363137386430353864373163376136643262
36633133373435636539356139316365343633613635626464326461616639333035643133666636
36343935663839393431363236386334623030343164633438313632373961313565393530373561
65353730313362613265626238326234623130656463653939343765656462613230623936323462
31653830643338643565613936343432386430346530666135373837346531313563386433383534
66636265396135313032363435323364653236316338353566343236656637623962393333663564
62353066333231326330646533303665373165373766613064333165373561396435613032616362
36383962636561386239326134373837656330323931373435373133336264666539356461643063
32313764353139613336
